| 9337363510  |
| 9337555635  |
| 9338315833  |
| 9338577880  |
| 9339016006  |
| 9339024205  |
| 9339170509  |
| 9350642897  |
| 9350761191  |
| 9351319536  |
| 9351572917  |
| 9352229574  |
| 9352231880  |
| 9352524522  |
| 9352531949  |
| 9352556317  |
| 9352563109  |
| 9352980028  |
| 9352995549  |
| 9352999985  |
| 9352999985  |
| 9353444956  |
| 9353512174  |
| 9353745411  |
| 9353756353  |
| 9354053492  |
| 9354189410  |
| 9354274835  |
| 9354274835  |
| 9354562004  |
| 9354562004  |
| 9354644371  |
| 9354805132  |
| 9355214694  |
| 9355244564  |
| 9355502953  |
| 9355692896  |
| 9355831579  |
| 9355941675  |
| 9355959459  |
| 9356123826  |
| 9356150547  |
| 9356340060  |
| 9357292445  |
| 9357373032  |
| 9357373032  |
| 9357373032  |
| 9357637862  |
| 9357736277  |
| 9358297580  |
| 9358395600  |
| 9358704269  |
| 9358754066  |
| 9358805660  |
| 9358805660  |
| 9358891350  |
| 9359154349  |
| 9359210397  |
| 9359507933  |
| 9359660493  |
| 9359876644  |
| 9360022656  |
| 9360074774  |
| 9360308981  |
| 9360371295  |
| 9360703858  |
| 9360767231  |
| 9361225842  |
| 9361328475  |
| 9361403122  |
| 9361587725  |
| 9361665569  |
| 9361819164  |
| 9361924339  |
| 9361977281  |
| 9362303899  |
| 9362727132  |
| 9362889464  |
| 9363344020  |
| 9363370206  |
| 9363738862  |
| 9363850410  |
| 9364173306  |
| 9364184229  |
| 9364249768  |
| 9364249768  |
| 9364323736  |
| 9364348493  |
| 9364966601  |
| 9365083118  |
| 9365147708  |
| 9365430054  |
| 9365512522  |
| 9365569007  |
| 9365603390  |
| 9365833711  |
| 9365833711  |
| 9366125354  |
| 9366167206  |
| 9366430881  |
| 9366494986  |
| 9366620328  |
| 9366866524  |
| 9367218575  |
| 9367475602  |
| 9367475602  |
| 9367526753  |
| 9367598779  |
| 9367627737  |
| 9368228105  |
| 9368603910  |
| 9368779096  |
| 9368955779  |
| 9369404241  |
| 9369422771  |
| 9369726565  |
| 9370187743  |
| 9370361081  |
| 9370371243  |
| 9370460522  |
| 9370473348  |
| 9370612684  |
| 9370650861  |
| 9371076430  |
| 9371312827  |
| 9371728913  |
| 9372010541  |
| 9372055740  |
| 9372055740  |
| 9372139414  |
| 9372495788  |
| 9372704042  |
| 9372755838  |
| 9373160995  |
| 9373160995  |
| 9373391178  |
| 9373419950  |
| 9373764455  |
| 9374008251  |
| 9374391426  |
| 9374507891  |
| 9374507891  |
| 9374507891  |
| 9374507891  |
| 9374779013  |
| 9374914017  |
| 9374949116  |
| 9375026202  |
| 9375067452  |
| 9375108074  |
| 9375220278  |
| 9375248081  |
| 9375354091  |
| 9375502841  |
| 9375726369  |
| 9376290588  |
| 9376305166  |
| 9376532256  |
| 9376774282  |
| 9376837391  |
| 9377370801  |
| 9377474434  |
| 9378609321  |
| 9378675839  |
| 9378900327  |
| 9378900327  |
| 9379079505  |
| 9379281990  |
| 9379504068  |
| 9380024311  |
| 9380024311  |
| 9380024311  |
| 9380024311  |
| 9380150743  |
| 9380313588  |
| 9380450799  |
| 9380450799  |
| 9380972626  |
| 9381102245  |
| 9381176675  |
| 9381461988  |
| 9381558988  |
| 9381558988  |
| 9381666268  |
| 9381896476  |
| 9382088683  |
| 9382088683  |
| 9382128497  |
| 9382138398  |
| 9382293278  |
| 9382340157  |
| 9382365806  |
| 9382747469  |
| 9382854424  |
| 9383010358  |
| 9383580216  |
| 9383866627  |
| 9384298484  |
| 9384453178  |
| 9384639344  |
| 9384924050  |
| 9385358543  |
| 9385470494  |
| 9385738588  |
| 9386416818  |
| 9386518051  |
| 9386897630  |
| 9387827513  |
| 9387914614  |
| 9388461759  |
| 9389201330  |
| 9389202109  |
| 9389545910  |
| 9389766519  |
| 9390219291  |
| 9390497436  |
| 9390536660  |
| 9390561918  |
| 9391282760  |
| 9391393033  |
| 9391778217  |
| 9391894442  |
| 9392030023  |
| 9392638992  |
| 9392801027  |
| 9394209944  |
| 9394384244  |
| 9394494091  |
| 9394494091  |
| 9395002667  |
| 9395016731  |
| 9395109572  |
| 9395109572  |
| 9395229897  |
| 9395501730  |
| 9396013798  |
| 9396043904  |
| 9396615569  |
| 9396762562  |
| 9396788919  |
| 9397275055  |
| 9397387945  |
| 9397762789  |
| 9398160255  |
| 9398374145  |
| 9398654331  |
| 9398925728  |
| 9399604585  |
| 9900699481  |
| 9901073290  |
| 9901073290  |
| 9901073290  |
| 9902514737  |
| 9902952131  |
| 9903563002  |
| 9903563002  |
+-------------+